118.96 127
121.32 126
123.68 132
125.32 129
126.4 131
127.36 131
128.92 131
128.84 132
129.88 134
130.44 135
131.6 134
131.68 135
132.16 136
132.52 135
132.84 136
133.08 136
133.36 135
133.44 135
133.04 138
133.24 136
133.44 138
133.44 135
133.88 136
134.04 136
134.52 137
134.56 136
134.76 136
134.88 137
134.68 136
134.44 137
134.76 137
134.52 136
134.88 136
134.84 138
134.6 137
134.92 138
135.72 140
136.48 139
137.12 140
137.16 139
137.44 138
137.48 140
137.6 140
137.96 142
138.0 142
138.52 142
139.28 142
139.44 142
139.8 142
140.16 142
140.36 141
140.28 142
140.6 142
140.36 142
140.84 143
140.64 144
141.6 144
142.04 143
142.0 143
142.36 143
142.48 144
142.68 144
142.96 144
142.12 143
142.2 143
142.48 143
142.48 143
142.44 145
142.28 145
142.8 145
143.12 146
143.52 146
144.44 145
144.24 145
144.56 145
144.68 147
144.16 145
144.08 146
144.08 146
144.28 145
144.68 146
144.48 146
144.16 146
144.2 145
144.76 147
144.68 146
144.24 145
144.04 145
144.24 145
144.36 147
144.44 145
144.44 145
144.16 145
144.36 145
144.72 145
144.32 145
144.48 145
144.64 146
144.4 146
144.56 146
144.4 146
144.8 146
145.16 146
145.4 147
145.32 147
145.04 147
145.04 147
145.48 148
145.52 146
145.48 146
145.36 147
145.56 147
145.52 147
145.52 147
144.92 147
145.28 146
145.4 148
145.48 146
145.04 147
144.68 146
145.56 147
145.52 147
145.44 147
145.52 148
145.8 148
145.36 147
145.72 147
146.04 147
146.08 147
145.68 149
146.4 149
147.0 150
147.04 150
147.44 150
148.0 151
148.48 151
148.68 151
148.56 150
148.88 150
148.2 150
148.16 150
147.92 149
148.04 149
147.92 151
148.68 153
149.36 152
149.56 151
150.2 151
150.04 151
150.16 151
149.8 151
150.2 151
150.48 153
150.16 153
150.28 154
150.12 151
149.92 151
150.84 155
150.32 152
149.8 152
150.04 151
150.64 151
150.4 151
150.32 151
150.36 151
149.6 152
150.04 151
150.36 151
150.24 152
150.36 153
150.08 151
150.2 152
150.44 151
150.36 151
149.84 153
150.8 153
150.04 151
149.6 151
150.44 155
150.84 156
150.04 154
150.12 155
149.84 151
150.6 152
150.44 152
150.44 155
150.08 151
150.44 151
150.72 155
150.04 151
149.84 155
150.16 153
149.76 151
150.08 152
150.12 151
149.52 151
149.8 151
150.32 151
150.44 151
150.6 152
150.52 155
150.72 155
150.68 155
149.88 151
150.76 155
150.88 155
151.16 155
150.68 155
151.36 155
151.32 155
152.0 155
152.64 155
153.32 155
153.08 156
152.44 156
151.56 155
151.8 155
152.16 156
151.92 157
152.32 156
152.68 156
151.92 155
151.76 156
152.16 155
152.4 155
152.24 155
152.44 155
153.64 155
153.52 155
153.44 155
153.48 155
154.24 155
154.2 155
154.16 156
152.64 155
153.32 155
153.72 155
153.56 155
154.28 155
154.68 155
153.36 155
153.6 155
154.36 155
154.32 155
154.48 155
154.16 155
154.08 155
154.12 155
154.16 155
154.48 155
154.04 155
153.96 155
154.08 155
153.72 155
153.88 155
154.44 155
154.08 155
154.2 155
154.08 155
154.0 155
153.8 155
154.08 155
153.68 155
153.72 155
154.0 155
153.84 155
154.32 155
154.08 155
153.88 155
153.48 155
153.92 155
154.04 155
153.68 155
153.64 155
153.68 155
153.4 155
153.16 155
154.12 155
153.96 155
154.2 155
154.2 155
154.92 155
154.36 155
153.52 155
153.92 155
153.96 155
154.28 155
154.12 155
153.68 155
153.72 155
154.36 155
154.08 155
154.16 155
154.04 155
153.44 155
153.72 155
153.92 155
153.96 155
154.2 155
153.92 156
152.48 155
153.08 155
153.52 155
153.88 155
153.32 155
153.88 155
154.0 155
153.8 155
153.88 155
153.88 155
154.08 155
153.84 156
152.92 155
153.76 155
154.16 155
154.64 155
154.12 155
154.2 155
154.24 156
152.92 155
153.24 155
154.04 155
153.88 155
153.96 155
153.56 155
153.48 155
154.0 155
153.8 155
154.24 155
154.08 155
154.2 155
153.52 155
153.52 155
153.68 155
154.12 155
153.96 155
153.76 156
152.84 155
153.56 155
153.72 155
154.28 156
152.56 156
152.44 156
153.28 156
153.16 156
152.72 156
152.36 156
151.96 155
151.8 156
152.0 156
152.56 156
152.6 156
153.0 155
153.32 156
153.0 156
153.12 156
152.68 156
152.36 156
152.96 156
153.2 156
152.92 156
152.76 156
152.24 156
151.32 156
152.16 156
152.48 156
152.24 156
152.2 156
152.4 156
153.28 158
154.16 160
153.6 158
153.48 158
152.84 156
152.52 156
153.44 156
152.96 156
152.72 156
152.6 156
153.04 156
152.48 155
153.68 158
153.04 157
153.24 157
152.36 156
152.76 158
152.16 157
152.56 157
152.72 156
152.44 156
152.2 156
151.44 156
151.36 154
151.56 156
153.36 158
153.28 156
153.4 156
152.76 156
152.72 156
152.68 160
152.04 158
151.36 156
151.6 156
152.44 156
152.56 156
153.68 156
152.68 156
151.92 156
151.08 156
151.36 156
151.92 156
153.2 156
152.64 156
152.68 156
152.36 155
152.96 156
152.64 156
151.96 156
151.92 155
152.76 155
153.8 155
153.6 155
153.68 155
154.2 155
154.32 155
154.52 155
154.64 155
154.4 155
153.64 155
154.12 155
154.2 155
153.72 155
154.36 155
153.68 155
153.32 155
153.36 155
153.96 155
153.48 155
154.32 155
154.72 155
154.12 155
154.0 156
152.28 155
152.72 156
152.48 156
151.72 155
152.88 155
153.04 155
153.24 155
153.88 155
153.04 156
151.48 155
151.52 155
152.12 155
153.56 155
153.0 155
152.8 155
153.12 155
153.36 155
153.48 156
152.88 155
153.24 155
153.32 155
153.6 156
152.48 156
152.4 155
153.16 155
153.08 156
152.8 155
154.0 156
153.48 156
153.28 156
153.6 156
153.04 156
152.96 156
153.28 156
153.04 156
152.12 156
152.48 156
153.28 156
153.6 156
153.88 156
153.36 156
153.04 156
152.68 156
153.12 156
152.88 156
152.28 156
152.8 156
152.88 156
152.2 156
151.32 156
151.24 154
151.52 156
151.72 156
152.08 156
151.8 156
151.6 156
151.92 156
151.32 155
150.84 156
152.2 156
152.48 156
153.0 160
153.16 156
153.56 156
153.04 156
153.0 156
151.96 155
152.36 156
152.72 155
153.48 156
152.96 156
152.8 155
153.16 156
152.52 155
153.48 155
154.16 156
152.44 156
152.4 155
153.0 155
153.16 155
153.6 155
153.76 155
153.76 155
154.0 157
152.4 156
153.0 156
152.56 156
152.4 155
153.8 157
152.84 156
152.4 156
152.04 156
151.72 155
152.72 155
153.36 156
152.64 155
153.56 155
153.84 155
154.4 156
152.56 155
152.96 156
153.12 156
152.12 155
152.68 157
153.2 155
153.56 155
153.48 155
153.96 155
153.72 155
153.72 155
153.72 155
152.76 155
152.88 155
152.96 155
153.2 155
152.68 155
153.28 155
153.04 155
152.64 154
153.12 154
153.44 155
153.24 154
153.04 154
152.84 154
153.08 155
153.48 155
153.52 156
153.04 156
153.04 158
152.24 158
151.76 156
152.04 158
152.4 158
153.12 156
152.48 155
152.88 157
152.56 156
153.12 158
153.44 160
153.28 159
154.32 160
154.2 159
155.0 158
154.12 158
154.52 159
154.92 160
155.2 160
154.8 160
155.16 160
154.84 160
154.88 160
154.88 160
154.72 160
155.12 159
154.32 157
153.36 160
154.36 157
154.56 158
154.4 158
154.48 158
154.28 159
153.72 158
154.16 157
153.84 158
154.32 159
154.08 157
154.32 159
154.76 159
155.12 160
155.4 159
155.2 160
156.2 160
155.6 160
154.6 160
154.48 159
154.08 158
153.76 159
155.04 160
154.16 158
154.16 160
154.4 160
155.0 160
156.2 160
155.76 160
155.88 160
156.48 160
155.36 160
156.72 162
